0 39 796 95 185 985 96 56 133 352 4 52 133 383 514 78 155 1679 163 72 118 572 260 57 149 90 137 57 112 1790 146 65 130 1162 150 45 129 715 239 56 144 1204 131 49 135 1440 698 82 195 1143 501 63 160 927 177 54 127 197 44 62 112 1444 311 72 170 1459 476 80 163 256 432 70 183 753 454 68 157 669 649 74 190 
1 573 262 55 153 357 6 54 128 41 803 95 181 384 511 78 159 1137 940 108 144 1683 164 72 125 89 134 58 115 1163 147 44 132 1141 498 67 147 1790 149 64 128 1204 128 49 131 715 233 54 142 205 38 56 113 925 171 59 139 1419 710 99 181 1449 316 68 160 1463 481 79 164 673 637 72 193 256 434 68 181 755 448 67 156 
2 359 7 54 124 574 265 54 150 1686 164 71 128 42 804 95 180 1164 147 41 133 385 511 77 158 89 133 58 115 1138 938 106 143 1790 153 64 123 926 178 57 139 1204 125 48 132 1142 495 66 149 715 230 54 141 208 36 53 114 1417 712 97 179 676 629 69 199 1452 319 65 159 1466 482 75 166 255 436 68 179 755 445 66 156 
3 1165 146 41 132 43 803 94 180 360 8 55 121 1687 165 70 128 575 267 54 151 385 512 76 157 89 132 58 115 1791 153 64 123 1204 121 49 132 1137 935 105 145 926 178 57 139 715 227 54 140 1418 713 94 177 1142 492 66 145 211 35 51 115 678 627 67 185 1469 483 73 165 1454 323 64 151 255 438 68 177 755 442 66 153 
4 340 499 69 131 44 804 92 178 985 110 54 135 575 261 54 158 360 9 57 120 385 515 76 155 89 131 58 115 1203 120 48 132 1790 154 65 124 1138 929 104 149 714 227 55 136 927 181 55 134 214 33 51 117 1139 487 70 145 1416 714 96 174 1469 485 72 161 1457 326 64 146 678 624 67 182 756 436 64 155 254 441 71 175 
5 1092 48 42 109 575 261 54 158 340 497 69 131 984 110 55 138 363 8 56 121 1203 119 48 132 386 514 76 156 88 130 59 116 1141 927 99 147 1790 155 67 126 215 30 53 119 926 183 55 134 713 223 57 140 1138 483 72 142 1415 716 98 172 1469 488 75 154 757 434 63 153 677 621 68 180 1457 329 66 147 250 444 77 173 
6 848 67 46 120 1092 48 42 112 984 110 55 139 575 264 54 154 363 9 58 121 1204 117 46 133 88 131 58 115 1141 921 98 155 386 514 75 157 1791 155 68 126 219 29 54 121 926 185 55 133 713 220 57 141 1139 479 70 140 1470 489 76 158 1414 715 97 173 758 430 60 155 251 445 76 175 1458 330 66 152 677 618 69 177 
7 366 10 58 118 1093 48 42 112 985 109 56 143 1203 115 49 135 1139 905 97 175 576 272 53 145 89 130 57 115 1858 662 60 167 924 188 55 130 223 28 59 115 386 514 75 158 714 217 54 145 1791 154 71 127 1142 475 66 140 1470 493 78 153 1410 716 94 170 760 422 55 153 1459 340 68 150 679 607 66 182 247 452 85 188 
8 368 9 55 117 1202 113 50 135 1093 49 42 111 1170 126 45 135 985 110 57 144 89 129 56 115 575 268 53 153 386 513 75 156 223 29 62 112 1142 476 66 137 924 189 56 129 714 213 54 150 1481 505 70 154 1791 154 71 127 1139 897 96 185 1406 717 96 168 760 422 54 153 679 603 68 187 1458 341 70 151 248 459 82 184 
9 1169 125 46 134 1092 50 43 110 370 9 55 114 986 110 56 144 227 27 66 112 89 129 56 114 575 265 54 161 1842 650 74 188 386 512 75 156 1142 475 66 139 924 191 57 127 1137 891 97 191 714 211 54 153 1793 154 70 128 1483 504 69 163 1403 715 95 172 760 420 53 154 679 600 68 189 1458 344 72 151 249 463 80 184 
10 1092 50 43 111 1169 124 46 132 986 111 57 144 1128 889 99 176 371 8 55 114 574 263 55 164 89 129 55 113 1842 649 74 189 386 513 75 154 1142 471 65 146 924 192 57 125 714 210 53 151 228 25 66 115 1793 154 70 129 1482 503 71 170 680 597 69 191 1398 712 95 176 760 419 53 155 1459 348 72 149 248 466 80 183 
11 1091 49 44 112 372 6 54 116 339 494 72 136 1171 123 48 130 987 111 57 144 1143 470 63 149 387 511 74 153 89 129 55 113 1139 883 94 186 715 209 52 151 1848 650 74 181 925 191 55 126 230 24 67 115 1793 156 71 128 1398 711 91 178 680 593 67 197 1482 503 75 177 760 418 53 156 1460 347 73 155 246 470 83 183 
12 1088 53 50 108 986 111 57 144 340 492 68 140 576 295 52 134 388 511 73 152 1128 884 96 171 235 22 67 114 707 202 53 147 88 128 54 112 1171 122 51 127 1796 159 67 126 926 192 54 131 1143 464 65 139 1836 642 86 191 679 584 69 200 1483 509 75 176 247 473 81 186 1389 714 85 161 760 414 53 160 1462 359 75 149 
13 1087 54 51 107 341 492 67 140 987 111 56 143 388 513 72 148 1796 161 67 129 575 298 52 135 1171 120 48 129 88 129 54 112 238 20 65 114 709 201 49 143 1129 880 94 181 925 195 56 133 1144 462 63 143 1835 639 87 191 1485 512 73 177 1388 716 80 157 247 474 79 185 759 410 54 158 679 582 70 198 1465 361 74 146 
14 1203 98 50 130 987 111 55 141 1086 55 52 108 389 513 70 147 241 21 60 109 1172 119 44 130 1797 163 66 131 87 129 55 111 574 300 53 134 709 199 49 140 925 196 56 135 1128 874 94 188 1145 460 62 144 1386 719 78 149 1834 638 87 189 248 475 76 183 1487 514 74 176 758 407 57 157 679 577 67 195 1468 364 73 144 
15 389 512 70 149 1203 98 49 128 799 64 40 124 1085 56 54 108 987 112 54 140 1798 166 64 132 87 129 54 110 1172 118 46 132 573 303 54 135 709 196 48 139 924 197 57 135 1147 457 59 143 1129 867 89 202 1382 718 77 150 758 401 57 160 1487 517 75 169 248 478 74 180 1831 636 89 189 677 575 69 185 1468 366 76 145 
16 389 513 70 147 1204 96 47 130 1085 56 54 108 799 63 42 125 989 115 54 139 1799 169 62 133 87 128 54 110 1172 118 44 132 708 193 48 138 573 306 54 132 925 199 56 134 1129 862 87 203 1378 714 77 160 1146 451 62 144 1828 636 89 188 756 396 59 159 247 481 74 176 1487 520 77 167 677 566 68 183 1468 365 78 147 
17 1204 93 45 130 389 516 70 143 1085 58 52 111 1798 171 65 133 1171 119 43 128 989 119 53 144 798 61 41 126 86 128 53 110 1128 852 81 200 707 190 50 134 1370 718 77 165 572 305 54 134 927 203 52 132 754 386 59 152 1488 523 79 163 1147 442 60 141 1823 617 92 201 679 557 66 179 245 486 70 168 1470 368 77 158 
18 434 498 72 141 1171 117 44 128 1203 93 46 131 1085 58 53 111 1798 173 65 132 798 60 41 126 1121 850 83 174 989 121 54 143 86 127 54 110 706 189 51 133 572 306 55 132 1368 714 78 172 927 204 52 131 1489 524 81 160 755 387 58 148 244 489 70 165 1144 438 63 140 678 556 67 175 1470 367 78 169 1821 613 88 193 
19 435 498 71 140 1086 59 51 112 1202 91 46 135 845 59 49 125 1799 174 65 131 797 60 41 125 86 126 53 110 989 125 54 141 704 186 53 136 571 305 56 133 1123 845 78 176 927 206 54 132 1351 714 90 161 1491 529 80 152 242 489 69 168 1469 371 80 171 1144 437 63 140 756 386 57 147 678 552 65 176 1820 612 87 181 
20 1202 90 46 138 436 498 70 140 1799 174 65 132 845 59 48 124 258 7 57 116 797 60 42 123 86 125 53 110 989 127 55 141 703 185 56 138 570 305 59 132 927 206 54 133 1346 713 90 163 1818 611 89 169 1121 838 79 179 1493 531 79 152 1468 375 82 169 1144 436 62 142 756 384 57 147 238 498 72 171 676 549 66 178 
21 1087 60 50 112 387 515 70 144 1798 177 64 139 844 59 48 123 436 498 70 139 797 59 42 123 86 125 52 111 989 127 55 143 700 183 59 138 1816 612 90 165 1342 714 90 160 927 207 54 134 1477 379 80 162 570 308 62 130 1143 433 62 145 1495 541 73 166 1119 826 82 179 756 383 58 147 237 498 72 180 675 545 68 182 
22 1091 68 43 100 390 0 44 95 843 57 47 125 796 58 41 122 435 498 71 137 86 124 52 111 1798 181 66 132 990 130 56 141 698 181 58 135 1332 715 95 156 1144 430 63 152 569 306 67 138 926 205 54 140 1808 595 95 174 1115 819 89 168 1479 383 77 173 1494 542 77 182 755 378 58 150 236 501 71 186 671 535 71 196 
23 1086 64 52 109 842 56 47 126 391 0 44 94 796 57 41 122 86 123 52 112 434 498 72 137 990 131 55 140 1798 183 67 129 1330 715 91 157 694 175 62 130 1143 428 64 153 1802 591 98 181 569 307 67 139 1113 813 90 172 925 206 57 140 1480 385 76 171 755 376 58 150 1496 543 76 183 237 504 70 190 671 532 71 197 
24 1087 68 52 108 842 54 46 126 392 0 44 93 796 55 41 123 86 123 52 112 434 498 72 136 989 131 55 139 1798 184 67 128 1788 587 106 183 1141 429 67 139 1329 712 87 160 695 173 61 133 1497 550 76 178 570 308 66 141 1108 810 93 177 924 207 58 139 1483 388 72 165 755 373 57 152 237 510 70 188 671 527 72 195 
